Edward and Christie (Pvt) Ltd,,,,                                                           Monthly Fuel Consumption Report (Daily/ Average),,,,,,,,,,,,,,,,,,,,,,,,,,,,,,,,,,,,,,,,,
Location/ Project: CEP/03,,,,                                                             Year and Month:,,,,,,,2026-09-01,,,,,, ,,,,,,,,,,,,,,,,,,,,,,,,,,,,
S. No.,Vehicle Reg. No.,Company Code,Type of Vehicle/ Machine,Fuel Type,Day,,,,,,,,,,,,,,,,,,,,,,,,,,,,,,,Total ℓ from Site Tank ,Total ℓ from Outside,Total Fuel ℓ (A),Opening Meter km/ hrs.,Closing Meter km/ hrs.,Total Running    km/ hrs.(B),Consumption per km or hrs. (B/A) ,Previous month consumption ,Fuel Rate Rs. (C),Fuel Cost Rs. (A*C) 
,,,,,1,2,3,4,5,6,7,8,9,10,11,12,13,14,15,16,17,18,19,20,21,22,23,24,25,26,27,28,29,30,31,,,,,,,,,,
1,LM-7940,,3 Cube,,,,,,,,,,,,,24,,,,,,,,,,,,,,,,,,,,24,0,24,N/W,N/W,0,0,,303,7272
2,LM-7948,,3 Cube,,,,,,,,,,,,,,,,,,,,,,,,,,,,,,,,,0,0,0,,,,NaN,,303,0
3,LM-7949,,3 Cube,,20,20,,20,,,20,,20,20,167,34,,,128,27,,,,,,,,,,,129,,,,,605,0,605,,,,0,,303,183315
4,LM-7951,,3 Cube,,,,,,,,,,,,60,30,,,,,,,,,,,,,,,,,,,,90,0,90,,0,0,0,,303,27270
5,LM-5719,,3 Cube,,,,,,,,,,,,,,,,,,,,,,,,,,,,,,,,,0,0,0,,0,0,NaN,,303,0
,LI-3851,,3 Cube,,,,,,,20,,,,20,,,20,,,,,,,,,,,,,,,,,20,,80,,80,,,0,0,,303,24240
,LJ-5203,,3 Cube,,,,,,,,,,,,,,,,,,,,,,,,,,,,,,,,,0,0,0,,0,,NaN,,303,0
6,LM-5720,,3 Cube,,,,,,,,,,,,60,,,,,,,,,,,,11,,,,,,,,,71,0,71,N/W,N/W,0,0,,303,21513
7,LM-5722,,3 Cube,,,,,,,,,,,,,,,,,,,,,,,,20,,,,,50,,,,70,0,70,N/W,0,0,0,,303,21210
,LM-5723,,3 Cube,,,,,,,,,,,,,,50,,50,,,,,,,50,,,50,,,50,60,,,310,0,310,N/W,0,0,0,,303,93930
8,LO-8349,,3.6Cube,,20,20,20,20,20,20,20,20,20,20,40,20,,20,,,,,,,,20,,,,,,20,20,20,,360,0,360,,,,,,303,109080
9,LO-8350,,3.6 Cube,,20,,,,,,,,,,,,,,,,,,,,,,,,,,,,,,,20,0,20,N/W,N/W,0,0,,303,6060
,LO-8348,,3.6 Cube,,,,,,,,,,,,,,,,,,,,,,,,,,,,,,,,,,,,,,,,,303,
,LO-5981,,3.6 Cube,,20,20,20,20,20,20,,20,20,20,20,20,20,20,25,20,,,,,,20,,,,,,20,20,20,,385,0,385,N/W,N/W,0,0,,303,116655
10,LO-5983,,3.6 Cube,,,,,,,,,,,,,,,,,,,,,,,,,,,,,,,,,0,0,0,,0,0,NaN,,303,0
11,LO-5984,,3.6 Cube,,,,,,,,,,,,,,,,,,,,,,,,,,,,,,,,,0,0,0,,,,,,303,0
12,LO-5985,,3.6 Cube,,,,,,,,,,,,,,,,,,,,,,,,,,,,,,,,,0,0,0,,0,0,NaN,,303,0
,LO-4824,,3.6 Cube,,,,,,,,,,,,,,,,,,,,,,,,,,,,,50,,20,,70,0,70,,0,0,0,,303,21210
,LO-4823,,3.6 Cube,,,,,,,,,,,,,,,,,,,,,,,,,,,,,,,,,0,0,0,,0,0,NaN,,303,0
13,LO-7180,,3.6 Cube,,,,,,,,,,,,,,,,,,,,,,,,,,,,,,,,,0,0,0,N/W,,,,,303,0
14,LO-7181,,3.6 Cube,,20,20,,,20,,20,20,20,20,20,,20,20,,20,,,,,,,20,,,,20,,20,20,,300,0,300,,,,,,303,90900
15,LO-7182,,3.6 Cube,,,,,,,,,,,,,,,,,,,,,,,,,,,,,,,,,0,0,0,N/W,N/W,0,0,,303,0
16,LO-7183,,3.6 Cube,,,,,,,,,,,,,,,,,,,,,,,,,,,,,,,,,0,0,0,,,,NaN,,303,0
17,LO-7184,,3.6 Cube,,,,,,,,,,,,,,,,,,,,,,,,,,,,,,,,,0,0,0,,,,,,303,0
18,LP-1566,,3.7 Cube,,,,,,,,,,,,,,,,,,,,,,,,,,,,,,,,,0,0,0,,,,,,303,0
,LP-1567,,3.7 Cube,,,,,,,,,,,,,,,,,,,,,,,,,,,,,,,,,0,0,0,,,,,,303,0
19,LP-1571,,3.7 Cube,,,,,,,,,,,,,,,,,,,,,,,,,,,,,,,,,0,0,0,,,,,,303,0
,LP-1572,,3.7 Cube,,49,,,,,60,,,,,,72,51,,80,,,,,,,,,,100,,,,,,,412,0,412,,,,,,303,124836
20,LP-1573,,3.7 Cube,,,,,,,,,,,,,,,,,,,,,,,,,,,,,,,,,0,0,0,,0,0,NaN,,303,0
21,LP-1574,,3.7 Cube,,,20,,,,20,20,,,,20,20,20,20,25,20,,,,,,20,,,,,,20,20,20,,265,0,265,,,,,,303,80295
22,LP-1576,,3.7 Cube,,,,,,,,,,,,,,,,,,,,,,,,,,,,,,,,,0,0,0,,0,0,NaN,,303,0
23,LP-1577,,3.7 Cube,,,,,,,,,,,,,,,,,,,,,,,,,,,,,,,,,0,0,0,,0,0,NaN,,303,0
,LP-1713,,3.7 Cube,,20,,20,20,20,20,20,20,20,20,40,20,20,20,,20,,,,,,,,,,,20,,35,,,355,0,355,,0,0,0,,303,107565
24,LP-1578,,3.7 Cube,,,,,,,,,,,,,,,,,,,,,,,,,,,,,,,,,0,0,0,,0,0,NaN,,303,0
,LP-1569,,3.7 Cube,,,,,,,,,,,,,,,,,,,,,,,,,,,,,,,,,0,0,0,,,0,NaN,,303,0
,LP-1568,,3.7 Cube,,,,,,,,,,,,,,,,,,,,,,,,,,,,,,,,,0,0,0,,,0,NaN,,303,0
,LP-1720,,3.7 Cube,,,,,,,,,,,,,,,,,,,,,,,,,,,,,,,,,0,0,0,,,0,NaN,,303,0
,LP-1712,,3.7 Cube,,,,,,,,,,,,,,,,,,,,,,,,,,,,,,,,,0,0,0,,,0,NaN,,303,0
,LP-1710,,3.7 Cube,,,,,,,,,,,,,,,,,,,,,,,,,,,,,,,,,0,0,0,,,0,NaN,,303,0
,LH-5586,,5.0 Cube,,,,,,,,,,,,,,,,,,,,,,,,,,,,,,,,,0,0,0,,,0,NaN,,303,0
,LK-5586,,5.0 Cube,,,,,,,30,20,20,20,30,20,30,,,30,20,,,,,,30,,,,,20,,30,20,,320,0,320,,,0,0,,303,96960
,LO-4925,,5.0 Cube,,,,,25,30,30,,30,30,,15,20,,30,30,,,,,,,20,,,,,,,30,50,,340,0,340,,,0,0,,303,103020
25,LP-1709,,3.7 Cube,,,40,,,,,,40,,,,,,,,,,,,,,,,,,,,,,,,80,0,80,,,,,,303,24240
26,LL-0920,,1.0 Cube,,,,,,,10,,,,,,,,,20,,,15,,,,,20,,,,,,,,,65,0,65,,0,0,0,,303,19695
27,LA-1359,,Diesel Bowser,,,,,,,,,,,,,,,,,,,,,,,,,,,,,,,,,0,0,0,,0,0,NaN,,303,0
,41-1130,,Diesel Bowser,,,130,,,,,,,,,,,,,,91,,,,,,,,,,,,,,,,221,0,221,,1,1,0.0045248868778280547,,303,66963
28,LA-9208,,Diesel Bowser,,,,,,,,,,,,,,,,,,,,,,,,,,,,,,,,,0,0,0,N/W,N/W,0,0,,303,0
29,RG-5415,,Tractor,,,,,,,,,,5,5,10,5,5,,,5,,,,,,5,,,5,,5,5,5,5,,65,0,65,,,,NaN,,303,19695
30,RA-3051,,Water Bowser,,,,,,,,,,,,,,,,,,,,,,,,,,,,,,,,,0,0,0,0,0,0,NaN,,303,0
31,LH-2639,Hired,Water Bowser,,,,,,,,,,,,,,,,,,,,,,,,,,,,,,,,,0,0,0,,0,0,NaN,,303,0
32,43-9650,Hired,Water Bowser,,,,,,,,,,,,,,,,,,,,,,,,,,,,,,,,,0,0,0,,,,NaN,,303,0
33,43-9650,Hired,Water Bowser,,,,,,,,,,,,,,,,,,,,,,,,,,,,,,,,,0,0,0,0,,,NaN,,303,0
34,LF-7426,Hired,Water Bowser,,,,,,,,,,,,,,,,,,,,,,,,,,,,,,,,,0,0,0,,,,NaN,,303,0
35,LF-7426,Hired,Water Bowser,,,,,,,,,,,,,,,,,,,,,,,,,,,,,,,,,0,0,0,0,,,,,303,0
36,GK-1494,Hired,Water Bowser,,,,,,,,,,,,,,,,,,,,,,,,,,,,,,,,,0,0,0,,0,0,NaN,,303,0
37,GK-1494,Hired,Water Bowser,,,,,,,,,,,,,,,,,,,,,,,,,,,,,,,,,0,0,0,0,0,0,,,303,0
38,43-1191,WB-02,Water Bowser,,,,,,,,,,,,,,,,,,,,,,,,,,,,,,,,,0,0,0,,,,,,303,0
39,LM-2298,,Bitumen Sprayer,,,,,,,,,,,,,,,,,,,,,,,,,,,,,,,,,0,0,0,,,,,,303,0
40,DAI-9770,,Mahindra cab ,,,,,,,,,,,,,22,,20,,,26,,,,,,,,25,,,22,,,,115,0,115,,,,,,303,34845
41,DAI-9757,,Mahindra cab ,,,,26,,20,,,30,,,24,,,26,,,28,,,,,25,,,25,,24,,,22,,250,0,250,,0,0,0,,303,75750
,PC-1094,Hired,Navara Cab,,,,,,,,,,,,,,,,,,,,,,,,,,,,,,,,,0,0,0,,0,0,NaN,,303,0
42,325-1030,,Hire To Cab,,20,,,20,,20,,20,,20,,,,20,,37,,,,,,,20,,10,,20,,,,,207,0,207,N/W,0,0,0,,303,62721
,PJ-6376,,Crew Cab,,,,13,,15,,26,,,,,27,,,,,,34,,,,,,23,,,,,39,,,177,0,177,N/W,0,0,0,,303,53631
43,DAI-9762,,Mahindra cab ,,,,23,17,,,22,,25,,19,,,13,,33,,,,,,,19,,,,24,15,,,,210,0,210,,,,,,303,63630
44,DAB-5905,Hired,Bolero Single Cab,,,,,,,,,,,,,,,,,,,,,,,,,,10,10,10,,,,,30,0,30,,,0,0,,303,9090
45,ZA-9716,,Crain,,,,,,,,,,,,,,,,,,,,,,,,,,,,,,,,,0,0,0,0,0,0,NaN,,303,0
46,ZA-8395,,Crain,,,,,,,,,,,,,,,,,,,,,,,,,,120,100,,,70,,,290,0,290,0,0,0,0,,303,87870
47,LN-8277,,Boom Truck,,,,,,,,,,,,,,,,,,,50,,,,,,,,,,,,90,,140,0,140,,0,0,0,,303,42420
48,LK-5041,,Boom Truck,,,,,,,,,,,,,,,,,,,,,,,,,,,,,,,,,0,0,0,,,,,,303,0
49,LL-1782,,Bed,,,,,,,,,,,,,,,,,,,,,,,,,,,,,,,,,0,0,0,,,,,,303,0
50,GL-0019,,Long Bed,,,,,,,,,,,,,,,,,,,,,30,,,,,,,,,,,,30,0,30,,,,,,303,9090
51,LY-1614,,Long Bed,,,,,,,,,42,,,,,,,,,,,,,,,,,,,,,,,,42,0,42,,,,,,303,12726
52,48-4849,,,,,,,,,,,,,,,,,,,,,,,,,,,,,,,,,,,0,0,0,,,,,,303,0
53,LC-0434,,Long Bed,,,,,,,,,,,,,,,,,,,,,,,,,,,,,,,,,0,0,0,,,,,,303,0
54,325-5120,,Lorry,,,,,,,,,,,,,,,,,,,,,,,,,,,,,,,,,0,0,0,,,,,,303,0
,LM-6653,,Lorry,,,,,,,,,,,,,,,,,,,,,,,,,,,,,,,,,0,0,0,,,,,,303,0
,ZA-8445,,Truck Mixer,,,,,,,,,,,,,,,,,,,,,,,,,,,,,,,,,,,,,,,,,303,
55,ZA-8033,,Truck Mixer,,,,30,,,,90,,,,,,,,,,,,,,,,,,,,,,150,60,,330,0,330,0,0,0,0,,303,99990
56,ZB-0050,,Truck Mixer,,,,25,,,,75,50,,,,,,,,,,,,,,,,,25,,,,125,50,,350,0,350,0,0,0,0,,303,106050
,ZA-6255,,Truck Mixer,,,,,,,,,,,,,,,,,,,,,,,,,,,,,,,,,0,0,0,0,0,0,NaN,,303,0
57,ZA-8445,,Truck Mixer,,,,,,,,,,,,,,,,,,,,,,,,,,,,,,,,,0,0,0,,,,,,303,0
,ZA-7810,,Truck Mixer,,,,,,,,,,,,,,,,,,,,,,,,,,,,,,,,,0,0,0,,,,,,303,0
58,ZA-6395,,Truck Mixer,,,,,,,,,,,,,,,,,,,,,,,,,,,,,,,,,0,0,0,,,,,,303,0
59,ZA-7925,,Truck Mixer,,,,,,,,,,,,,,,,,,,,,,,,,,,,,,,,,0,0,0,0,0,0,NaN,,303,0
60,ZA-8511,,Truck Mixer,,,,,,,,75,,,,,,,,,,,,,,,,,,,,,,,,,75,0,75,0,0,0,0,,303,22725
61,ZA-8373,,Pump Car,,,,,,,,,,,,,,,,,,,,,,,,,,,,,,,,,0,0,0,0,0,0,NaN,,303,0
62,ZB-1496,,Pump Car,,,,,,,,,,,,,,,,,,,,,,,,,,,,,,,,,0,0,0,,0,0,NaN,,303,0
63,41-7225,,TO Cab,,,,18,,30,,39,,,31,,30,,30,,,35,,,,,31,,,,,40,,22,,,306,0,306,,0,0,0,,303,92718
,DAH-2491,,,,39,,,37,,,31,,,,,28,,,,,35,,,,,,,,,,,,,,,170,0,170,,0,0,0,,303,51510
64,51-8083,,Double Cab,,,15,,,,,,15,,,,,,,,,,,,,,,,,20,10,15,,,10,,85,0,85,,0,0,0,,303,25755
,59-5421,,,,18,,25,,13,,11,,,,28,,,15,,17,14,,,,,,12,,,,25,,10,,,188,0,188,,0,0,0,,303,56964
,PH-9072,,,,,,,,61,,,34,,42,,,,43,,,37,,,,,56,,,,65,,57,,,,395,0,395,,0,0,0,,303,119685
,PE-3723 (MR Chinthaka surveyor officer) ,,,,,30,,,,,,,,,,,,,,,,,,,,,,,,,,,,,,30,0,30,,0,0,0,,303,9090
65,PC-1203,,,,,,,,,,,,,,,,,,,,,,,,,,,,,,,,,,,0,0,0,,0,0,0,,303,0
66,DAG-4969 ,,Hire Bollarow Cab,,20,,20,,,20,,20,,20,,,,20,,20,5,,,,,20,,,20,,,20,20,,,225,0,225,,0,0,0,,303,68175
,Total issue for the vehicle (ℓ),,,,266,315,240,179,249,270,519,381,180,268,543,402,206,347,388,330,180,99,0,30,0,297,122,23,410,185,352,359,676,427,0,8243,0,8243,,,,0,,303,2497629
1,,VR-53,04 Ton Roller,,,,,,,,,,,,,,,,,,,,,,,,,,,,,,,,,0,0,0,,,,NaN,,303,0
2,,VR-60,04 Ton Roller,,,,,,,,,,,,,,,,,,,,,,,,,,,,,,,,,0,0,0,,,,NaN,,303,0
3,,VR-63,04 Ton Roller,,,,,,,,,,,,,,,,,,,,,,,,,,,,,,,,,0,0,0,,,,NaN,,303,0
4,,VR-65,04 Ton Roller,,,,,,,,,,,,,,,,,,,,,,,,,,,,,,,,,0,0,0,,,,NaN,,303,0
,,VR-29,01 Ton Roller,,,,,,,,,,,,,,,,,,,,,,,,,,,,,,,,,0,0,0,,,,NaN,,303,0
5,,VR-69,04 Ton Roller,,,,,,,,,,,,,,,,,,,,,,,,,,,,,,,,,0,0,0,,,,NaN,,303,0
6,,VR-59,04 Ton Roller,,,,,,,,10,,,20,,,,,26,,10,,,,,,,,,,,9,,,,75,0,75,,,,NaN,,303,22725
7,,SR-18,10 Ton Roller,,,,,,,,,,,,,,,274,,24,39,,,,,,,,,,30,30,73,,,470,0,470,,,,NaN,,303,142410
8,,SR-13,10 Ton Roller,,60,,50,50,50,40,40,20,50,60,60,50,40,60,50,,,,,,,,,,50,,,50,50,40,,870,0,870,,,,NaN,,303,263610
9,,SR-12,10 Ton Roller,,50,40,40,50,40,50,,,,,,,50,,,,,,,,,,,,,,,,,,,320,0,320,,,,NaN,,303,96960
10,SD 100 DC 03,Hired,10 Ton Roller,,,,,,,,,,,,,,,,,,,,,,,,,,,,,,,,,0,0,0,,,,NaN,,303,0
11,311 P HAMM Roller-H-01,Hired,10 Ton Roller,,,,,,,,,,,,,,,,,,,,,,,,,,,,,,,,,0,0,0,,,,NaN,,303,0
12,311 P HAMM Roller-H-02,Hired,10 Ton Roller,,,,,,,,,,,,,,,,,,,,,,,,,,,,,,,,,0,0,0,,,,,,303,0
13,311 P HAMM Roller-H-03,Hired,10 Ton Roller,,,,,,,,,,,,,,,,,,,,,,,,,,,,,,,,,0,0,0,,,,,,303,0
14,ZA-2608 ,LB-07,Loader Backho,,,,,,,,,,,,,,,,,,,,,,,,,,,,,,,,,0,0,0,,,,,,303,0
15,ZB-4606,LB-25,Loader Backho,,,,,,,,,,,,,,,,,,,,,,,,,,,,30,25,30,,,85,0,85,,,,NaN,,303,25755
16,ZA-6220,,Loader Backho,,,,,,,,,,,,,,,,,,,,,,,,,,,,,,,,,0,0,0,,,,NaN,,303,0
17,ZB-1980,LB-21,Loader Backho,,,30,30,30,40,,40,110,30,54,38,59,34,42,30,53,31,,,,,15,45,,55,,55,23,43,36,,923,0,923,,,,NaN,,303,279669
18,,LD-09,Loader ,,,,,,,,,,,,,,,,,,,,,,,,,,,,,,,,,0,0,0,,,,NaN,,303,0
19,,SL-15,Bob Cat,,,,,,,,,,,,,,,,,,,,,,,,,,,,,,,,,0,0,0,,,,NaN,,303,0
20,,SL-24,Bob Cat,,61,,,55,,21,,,,,47,,37,,,69,24,,,,,,,,,,65,,,70,,449,0,449,,,,,,303,136047
21,,SL-14,Bob Cat,,,,30,,,,19,,,15,,,,25,,,12,,,,,,,,,,10,,,12,,123,0,123,,,,NaN,,303,37269
22,,WG-06,Welding Generator,,,,,,,,,,,,,,,,,,,,,,,,,,,,,,,,,0,0,0,0,0,0,NaN,,303,0
23,,WG-08,Welding Generator,,,,,,,,,,,,,,,,,,,,,,,,,,,,,,,,,0,0,0,0,0,0,NaN,,303,0
24,,WG-13,Welding Generator,,24,,,,,,,,,,,,,,,,,,,,,23,,,,,15,,,,,62,0,62,0,0,0,NaN,,303,18786
,AP-08,,Asphalt Team,,,,,,,,,,,,,,,,,,,,,,,,,,,,,,,,,0,0,0,,,,,,303,0
,Payver Cleaning,,Asphalt Team,,,,,,,,,,,,,,,,,,,,,,,,,,,,,,,,,0,0,0,,,,,,303,0
,SR-14,,Asphalt Team,,,,,,,,,,,,,,,,,,,,,,,,,,,,,,,,,0,0,0,,,,,,303,0
,PTR-06,,Asphalt Team,,,,,,,,,,,,,,,,,,,,,,,,,,,,,,,,,0,0,0,,,,,,303,0
,PTR-01,,Asphalt Team,,,,,,,,,,,,,,,,,,,,,,,,,,,,,,,,,0,0,0,,,,,,303,0
,PTR-08,,Asphalt Team,,,,,,,,,,,,,,,,,,,,,,,,,,,,,,,,,0,0,0,,,,,,303,0
25,,GE-05,Generator,,,,,,,,,,,,,,,,,,,,,,,,,,,,,,,,,0,0,0,,,,,,303,0
,,GE-01,Generator,,,,,,,,,,,,,,,,,,,,,,,,,,,,,,,,,0,,0,,,,,,303,0
26,,GE-34,Generator,,,,,,,,,,,,,,,,,,,,,,,,,,,,,,,,,0,0,0,,,,NaN,,303,0
27,,GE-37,Generator,,,,,,,,,,,,,,,,,,,,,,,,,,,,,,,,,0,0,0,,,,NaN,,303,0
28,,GE-53,Generator,,,,,,,,,,,,,,,,,,,,,,,,,,,,,,,,,0,0,0,,,,,,303,0
29,,GE-60,Generator,,,,,,,,,,,,,,,,,,,,,,,,,,,,,,,,,0,0,0,,,,0,,303,0
30,,GE-62,Generator,,,,,,,,,,,,,,,,,,,,,,,,,,,,,,,,,0,0,0,,,,,,303,0
31,,GE-69,Generator,,,,,,,,,,,,,,,,,,,,,,,,,,,90,,50,,,,140,0,140,,,,NaN,,303,42420
32,,GE-84,Generator,,,,,,,,,,,,,,,,,,,,,,,,,,,,,,,,,0,0,0,,,,,,303,0
33,,GE-105,Generator,,,,,,,,,,,,,,,,,,,,,,,,,,,,,,,,,0,0,0,,0,0,NaN,,303,0
34,,GE-107,Generator,,,,,,,,,,,,,,,,,,,,,,,,,,,,,,,,,0,0,0,0,0,0,NaN,,303,0
35,,GE-117,Generator,,,,,,,25,,,15,,,,27,,,,,24,,,,,,,,,,25,,,,116,0,116,,0,0,NaN,,303,35148
36,,GE-118,Generator,,,,,,,,,,,,,,,,,,,,,,,,,,,,,,,,,0,0,0,,0,0,NaN,,303,0
37,,GE-126,Generator,,,,,,,,,,,,,,,,,,,,,,,,,,,,,,,,,0,0,0,,0,0,NaN,,303,0
,,GE-144,Generator,,,,,,,,,,,,,,,,,,,,,,,,,,,,,,,,,0,0,0,,0,0,NaN,,303,0
38,,GE-143,Generator,,,,,,,,,,,,,,,,,,,,,,,,,,,,,,,,,0,0,0,0,0,0,NaN,,303,0
39,RE  OFFICE USED ,GE-147,Generator,,,,,,,,,,,,,,,,,,,,,,,,,,,,,,,,,0,0,0,,,,,,303,0
40,,GE-165,Generator,,,,,,,,,,,,,,,,,,,,,,,,,,,,,,,,,0,0,0,,,,,,303,0
,,LT-21,Light Tower,,,,,,,,,,,,,,,,,,,,,,,,,,,,,,,,,0,0,0,,,,,,303,0
41,,LT-19,Light Tower,,,,,,,,,,,,,,,,,,,,,,,,,,,,,,,,,0,0,0,0,0,0,NaN,,303,0
42,N V M Construction,,Blating Sub Con,,,,,,,,,,,,,,,,,,,,,,,,,,,,,,,,,0,0,0,0,0,0,NaN,,303,0
43,,HEX-01,Excavator,,,,,,,,,,,,,,,,,,,80,,,,,,,,,,,,,,80,0,80,,,,NaN,,303,24240
,,HEX-23,Excavator,,,,92,36,,23,44,31,31,22,,111,107,41,,87,54,,,,,,,,,,,83,50,78,,890,0,890,,,,,,303,269670
44,,HEX-42,Excavator,,107,65,119,120,142,67,87,85,,,,,,,,,,,,,,,417,,,,,,,,,1209,0,1209,,0,0,NaN,,303,366327
45,,HEX-37,Excavator,,140,80,150,120,,80,140,140,150,140,140,150,140,120,140,120,,,,,,140,,384,,,182,142,92,83,,2973,0,2973,,,,NaN,,303,900819
,,HEX-45,Excavator,,100,378,74,170,44,118,86,106,93,55,58,72,42,,188,60,65,,,,,118,,,71,,122,87,83,88,,2278,0,2278,,,,NaN,,303,690234
,,HEX-26,Excavator,,39,,162,117,64,98,95,72,109,99,107,64,92,102,171,53,63,,,,,,,,,,64,83,116,66,,1836,0,1836,,,,NaN,,303,556308
46,,HEX-33,Excavator,,200,100,50,100,273,111,70,106,95,105,119,141,82,117,117,107,152,,,,,,50,110,64,,100,113,100,110,,2692,0,2692,,,,NaN,,303,815676
47,,HEX-17,Excavator,,,,,,,,,,,,,,,,,,,,,,,,50,50,,,,358,110,49,,617,0,617,,,,NaN,,303,186951
48,SK-200-03,Hired,Excavator,,,,,,,,,,,,,,,,,,,,,,,,,,,,,,,,,0,0,0,,,,NaN,,303,0
49,SK-200-05,Hired,Excavator,,,,,,,,,,,,,,,,,,,,,,,,,,,,,,,,,0,0,0,,,,NaN,,303,0
50,SK-200-07,Hired,Excavator,,,,,,,,,,,,,,,,,,,,,,,,,,,,,,,,,0,0,0,,,,,,303,0
51,CAT-320-C,Hired,Excavator,,,,,,,,,,,,,,,,,,,,,,,,,,,,,,,,,0,0,0,,,,NaN,,303,0
52,CAT-320-B,Hired,Excavator,,,,,,,,,,,,,,,,,,,,,,,,,,,,,,,,,0,0,0,,,,NaN,,303,0
53,ZAXIS-200,Hired,Excavator,,,,,,,,,,,,,,,,,,,,,,,,,,,,,,,,,0,0,0,,,,NaN,,303,0
54,PC-200 Komatsu,Hired,Excavator,,,,,,,,,,,,,,,,,,,,,,,,,,,,,,,,,0,0,0,,,,NaN,,303,0
55,ZA-4344,MG-07,Motor Grader,,,50,50,40,60,50,40,40,50,138,47,71,46,70,34,,6,,,,,,,,,,63,48,32,7,,942,0,942,,,,NaN,,303,285426
56,ZB-2561,MG-18,Motor Grader,,,,,,,,,,,,,,,,50,50,,,,,,50,,,,,50,50,,50,,300,0,300,,,,NaN,,303,90900
57,ZB-2562,MG-09,Motor Grader,,,,,,,,,,,,,,,,,,,,,,,,,,,,,,,,,0,0,0,,,,NaN,,303,0
58,ZB-2564,MG-12,Motor Grader,,,,,,,,,,,,,,,,,,,,,,,,,,,,,,,,,0,0,0,,,,NaN,,303,0
59,,AC-24,Air Compressor,,,,,,,,,,,,,,,,,,,,,,,,,,,,,,,,,0,0,0,,,,,,303,0
,,AC-01,Air Compressor,,,,,,,,,,,,,,,,,,,,,,,,,,,,,,,,,0,0,0,,,,,,303,0
60,,AC-38,Air Compressor,,,,,,,,,,,,,,,,,,,,,,,,,,,,,,,,,0,0,0,0,0,0,NaN,,303,0
61,Laboratory Work ,,,,,,,,,,,,,1,,,,,,,2,,,,,,,,,,,,,,,3,0,3,,,,,,303,909
62,For Patching -Access Rd To Pack-C,,,,,,,,,,,,,,,,,,,,,,,,,,,,,,,,,,,0,0,0,,,,,,303,0
63,D-4/D 1,Hired,Dozer,,,,,,,,,,,,,,,,,,,,,,,,,,,,,,,,,0,0,0,,0,0,NaN,,303,0
64,D-4/D 2,Hired,Dozer,,60,50,50,50,50,40,50,40,,50,50,60,50,50,,30,,,,,,,60,,,,,,50,30,,820,0,820,0,0,0,NaN,,303,248460
65,D-4/D 3,Hired,Dozer,,,,,,,,,,,,,,,,,,,,,,,,,,,,,,,,,0,0,0,0,0,0,NaN,,303,0
66,Vehicle repair work shop ,,,,,,,,,,,,,,,,,,,,,,,,,,,,,,,,,,,0,0,0,0,0,0,NaN,,303,0
67,Transfer to Ruhunu Consruction ,,,,,,130,200,140,170,140,200,220,260,280,300,250,200,260,160,120,,,,,210,220,150,260,,160,260,280,295,,4865,0,4865,,,,,,303,1474095
,Transfer to CEP-03 Wadakada ,,,,,,200,,,,,,,,,,,,,,,,,,,200,,,,,,,,,,400,0,400,,,,,,303,121200
68,Transfer Package E,,,,,200,,,,,,,,,,,,,,,,,,,,,,,,,,,,,,200,0,200,0,0,0,NaN,,303,60600
69,correction 2025.05.29,,,,,,-70,,,,,,,,,,,,,,,,,,,,,,,,,,,,,,,,,,,,,,
,Total issue for the machinery (ℓ) ,,,,841,993,1157,1138,903,893,861,950,843,1019,946,1078,997,1101,1066,813,578,104,0,0,0,756,842,694,500,90,946,1436,1109,1014,0,23738,0,23738,0,0,0,NaN,0,303,7192614
,,,,,,,,,,,,,,,,,,,,,,,,,,,,,,,,,,,,,,,,,,,,,
,Daily Opening balance at site tank (ℓ),,,,695,1588,480,783,1466,314,651,771,1440,417,1130,2141,661,1458,2010,556,1413,655,452,452,422,422,0,1036,2319,1409,1134,1836,41,256,815,0,0,0,0,0,,,,,
,ACCESS Fuel for Bowser,,,,,,,,,,,,,,,,,,,,,,,,,431,,,,,,,,,,,,,,,,,,,
,Received P-E Bowser  ,,,,,,,,,,,,,,,,,,,,,,,,,,,,,,,,,,,,,,,,,,,,
,Daily Fuel Purchase (ℓ),,,,2000,200,1700,2000,,1500,1500,2000,,2000,2500,,2000,2000,,2000,,,,,,200,2000,2000,,,2000,,2000,2000,,31600,0,0,0,,,,,,
,Daily Total Issue for Vehicle and Machinery (ℓ),,,,1107,1308,1397,1317,1152,1163,1380,1331,1023,1287,1489,1480,1203,1448,1454,1143,758,203,0,30,0,1053,964,717,910,275,1298,1795,1785,1441,0,31911,0,0,0,0,0,NaN,0,606,9690243
,Daily closing balance at site tank (ℓ),,,,1588,480,783,1466,314,651,771,1440,417,1130,2141,661,1458,2010,556,1413,655,452,452,422,422,0,1036,2319,1409,1134,1836,41,256,815,815,,,,,,,,,,
, ,,,,,,,,,,,,,,,,,,,,,,,,,,,,,,,,,,,,,,,,,,,,
,Monthly Opening Balance (ℓ),,,,,,,,,,,,,,,,,,,,,,,,,,,,,,,,,,,,,,,,,Total deduction (Rs.),,,0
,Monthly Purchasing (ℓ),,,,,,,,,,,,,,,,,,,,,,,,,,,,,,,,,,,,,,,,,Project fuel cost (Rs.),,,9690243
,Monthly Closing Balance (ℓ),,,,,,,,,,,,,,,,,,,,,,,,,,,,,,,,,,,,,,,,,,,,
,Monthly Consumption (ℓ),,,31911,,,,,,,,,,,,,,,,,,,,,,,,,,,,,,,,,,,,,,,,,
,,,,,,,,,,,,,,,,,,,,,,,,,,,,,,,,,,,,,,,,,,,,,
